30
4
1 -2 2 3
4
8 1 1 2
7
3 -6 -4 5 -1 1 -6
9
-9 1 -7 -1 -3 -9 0 1 -3
10
-2 -2 -4 -5 -1 2 3 -6 -4 3
20
-100 -100 -100 -100 -100 -100 -100 -100 -100 -100 -100 -100 -100 -100 -100 -100 -100 -100 -100 -100
20
-12 -12 -12 -11 -10 -8 -8 -6 -6 -5 -3 -2 0 1 1 2 2 2 3 5
20
0 -4 1 0 -1 1 -4 2 -6 -1 -2 -5 -3 1 0 -4 -2 0 -6 2
20
-100 -100 -100 -100 -100 -100 -100 -100 -100 -100 -100 -100 -100 -100 -100 -100 -100 -100 -100 -100
20
-18 -18 -17 -17 -16 -15 -14 -12 -10 -10 -9 -6 -4 -2 -1 2 3 4 4 4
30
-12 -6 -11 -23 6 -21 -12 -18 -9 -5 -10 8 -13 -2 -18 -1 0 -17 8 -23 -22 -3 -18 -7 -7 3 -19 -21 -9 8
30
-100 -100 -100 -100 -100 -100 -100 -100 -100 -100 -100 -100 -100 -100 -100 -100 -100 -100 -100 -100 -100 -100 -100 -100 -100 -100 -100 -100 -100 -100
30
-12 -12 -12 -10 -7 -6 -5 -5 -4 -3 -3 -3 -2 -1 -1 -1 0 1 1 1 1 1 2 4 4 4 4 5 5 5
30
-13 -6 -21 -12 0 3 -2 -11 -13 -8 7 -19 -11 -20 -16 -7 -3 3 -3 -18 -4 -2 -23 6 -13 1 7 -14 -5 1
30
-104 -104 -104 -104 -104 -104 -104 -104 -104 -104 -104 -104 -104 -104 -104 -104 -104 -104 -104 -104 -104 -104 -104 -104 -104 -104 -104 -104 -104 -104
50
-35 -33 -33 -32 -32 -32 -31 -31 -30 -30 -30 -27 -27 -26 -23 -23 -21 -20 -19 -19 -19 -16 -15 -15 -13 -9 -8 -8 -7 -6 -5 -3 -3 -2 -1 0 0 2 2 3 3 6 7 7 8 11 11 12 12 13
50
6 -31 14 -41 10 -5 1 -34 -48 -20 -41 -4 -49 17 -31 -25 -29 -48 -47 3 -6 -40 -42 4 -50 -20 -19 -7 -31 -16 -1 1 5 -24 -6 -16 5 -43 -42 -16 -35 -47 -45 -49 -32 -27 -32 -12 -45 5
50
-108 -108 -108 -108 -108 -108 -108 -108 -108 -108 -108 -108 -108 -108 -108 -108 -108 -108 -108 -108 -108 -108 -108 -108 -108 -108 -108 -108 -108 -108 -108 -108 -108 -108 -108 -108 -108 -108 -108 -108 -108 -108 -108 -108 -108 -108 -108 -108 -108 -108
50
-11 -11 -11 -10 -10 -10 -10 -10 -10 -10 -10 -10 -10 -9 -9 -9 -8 -8 -8 -8 -8 -7 -7 -7 -6 -5 -5 -5 -5 -5 -4 -4 -3 -2 -2 0 0 0 1 1 1 1 1 2 3 3 3 3 3 4
50
-26 -15 -22 -22 -5 -3 -20 -14 -18 1 -24 -17 -27 -8 -14 -7 5 8 9 9 -27 -3 -6 -25 -11 -19 -15 -6 -5 -11 9 4 -4 10 -12 -2 -15 -20 4 -6 -7 -15 0 -26 -7 -6 -1 -25 -20 -14
70
-1000 -1000 -1000 -1000 -1000 -1000 -1000 -1000 -1000 -1000 -1000 -1000 -1000 -1000 -1000 -1000 -1000 -1000 -1000 -1000 -1000 -1000 -1000 -1000 -1000 -1000 -1000 -1000 -1000 -1000 -1000 -1000 -1000 -1000 -1000 -1000 -1000 -1000 -1000 -1000 -1000 -1000 -1000 -1000 -1000 -1000 -1000 -1000 -1000 -1000 -1000 -1000 -1000 -1000 -1000 -1000 -1000 -1000 -1000 -1000 -1000 -1000 -1000 -1000 -1000 -1000 -1000 -1000 -1000 -1000
70
-48 -47 -46 -45 -44 -42 -41 -41 -40 -40 -39 -39 -39 -38 -37 -37 -35 -35 -34 -34 -33 -33 -32 -32 -30 -30 -30 -29 -27 -24 -22 -22 -21 -19 -17 -17 -16 -15 -15 -15 -14 -10 -8 -4 -4 -1 -1 -1 0 1 1 1 2 4 4 5 6 6 8 9 9 10 11 11 12 13 14 15 15 17
70
-46 -23 -56 -32 -9 -58 -38 18 -36 -51 -39 21 -23 15 -12 -65 -41 -30 -38 -18 -1 -61 -59 -59 -64 -55 -45 -49 -29 -64 -4 -34 -59 -15 -11 -38 -51 4 -8 -41 -5 16 -14 13 -44 -9 14 -20 11 -19 -23 21 20 -36 -48 -29 -49 -10 -54 -1 -21 19 1 -2 -16 -36 -9 -37 -39 -8
70
-100 -100 -100 -100 -100 -100 -100 -100 -100 -100 -100 -100 -100 -100 -100 -100 -100 -100 -100 -100 -100 -100 -100 -100 -100 -100 -100 -100 -100 -100 -100 -100 -100 -100 -100 -100 -100 -100 -100 -100 -100 -100 -100 -100 -100 -100 -100 -100 -100 -100 -100 -100 -100 -100 -100 -100 -100 -100 -100 -100 -100 -100 -100 -100 -100 -100 -100 -100 -100 -100
70
-98 -98 -95 -94 -93 -88 -88 -83 -83 -78 -76 -76 -76 -74 -74 -71 -70 -69 -67 -66 -66 -64 -62 -62 -62 -61 -59 -57 -56 -55 -53 -51 -51 -48 -47 -46 -42 -37 -36 -36 -35 -34 -31 -26 -25 -23 -23 -22 -22 -12 -11 -9 -9 -6 -1 5 7 12 13 14 15 18 22 26 28 30 32 33 33 33
100
-2 1 -24 -11 7 3 -23 -6 10 3 -26 -27 -5 -6 -14 9 -25 1 -21 -25 -4 -3 8 -19 0 0 -13 0 -7 -6 -6 7 0 -5 -3 -24 6 -21 -24 -19 -3 -15 -26 -6 -23 -8 -18 -26 -17 -14 9 -8 -26 -3 -16 4 -12 9 -3 -19 7 -5 8 4 9 -8 10 -5 5 8 -18 -3 7 -5 -11 -26 -19 -9 9 -10 -19 -4 -12 -27 -27 6 -16 1 5 -11 -21 -14 7 2 10 -27 -13 0 -18 0
100
-100 -100 -100 -100 -100 -100 -100 -100 -100 -100 -100 -100 -100 -100 -100 -100 -100 -100 -100 -100 -100 -100 -100 -100 -100 -100 -100 -100 -100 -100 -100 -100 -100 -100 -100 -100 -100 -100 -100 -100 -100 -100 -100 -100 -100 -100 -100 -100 -100 -100 -100 -100 -100 -100 -100 -100 -100 -100 -100 -100 -100 -100 -100 -100 -100 -100 -100 -100 -100 -100 -100 -100 -100 -100 -100 -100 -100 -100 -100 -100 -100 -100 -100 -100 -100 -100 -100 -100 -100 -100 -100 -100 -100 -100 -100 -100 -100 -100 -100 -100
100
-148 -147 -144 -144 -139 -139 -138 -134 -132 -129 -129 -127 -127 -124 -124 -122 -121 -115 -113 -112 -111 -111 -107 -103 -98 -94 -93 -89 -88 -80 -80 -80 -79 -79 -76 -73 -71 -70 -70 -68 -68 -66 -63 -60 -59 -58 -58 -58 -56 -54 -54 -52 -52 -50 -46 -46 -46 -41 -40 -39 -38 -35 -35 -34 -34 -26 -26 -23 -19 -19 -19 -17 -15 -13 -11 -10 -8 -7 -7 1 1 3 4 6 7 8 11 13 19 20 20 23 23 25 27 29 31 32 32 45
200
-7 -13 2 -4 -10 -6 5 3 -9 -10 -3 -11 0 -3 3 -3 2 -12 -14 -6 -12 -7 -10 -7 -8 -1 4 -11 -13 4 -4 -14 -7 -9 -1 -3 -1 -10 -8 -2 -3 -7 3 1 -6 -3 -9 -12 -2 -12 -10 -8 -5 -14 0 -2 -9 -1 -14 -5 -6 2 -11 -2 -3 -9 4 -7 -2 -14 -3 -14 -7 5 0 -4 -5 -1 -5 -11 -8 -14 -4 -14 -4 -4 -4 3 -5 -3 -2 0 -12 3 0 -10 -10 -11 -6 -8 -1 -13 -5 -9 2 -3 0 3 -1 5 4 -7 2 -10 0 -2 -10 -2 -12 -9 -12 4 0 1 -14 4 -11 -13 -9 4 -7 -8 -8 -14 -4 -12 -13 -10 -3 -13 4 -13 -11 -7 -3 4 -10 -2 -4 -7 -7 -1 -1 -10 -2 2 0 3 5 2 -1 0 -10 2 -14 3 -1 -4 1 -6 -2 -9 -2 -10 -2 -14 3 5 -4 4 3 -14 -8 5 -2 -13 -5 -10 -13 1 3 -6 -13 -9 -11 1 0 -10 4 2
200
-20 -20 -20 -20 -20 -20 -20 -20 -20 -20 -20 -20 -20 -20 -20 -20 -20 -20 -20 -20 -20 -20 -20 -20 -20 -20 -20 -20 -20 -20 -20 -20 -20 -20 -20 -20 -20 -20 -20 -20 -20 -20 -20 -20 -20 -20 -20 -20 -20 -20 -20 -20 -20 -20 -20 -20 -20 -20 -20 -20 -20 -20 -20 -20 -20 -20 -20 -20 -20 -20 -20 -20 -20 -20 -20 -20 -20 -20 -20 -20 -20 -20 -20 -20 -20 -20 -20 -20 -20 -20 -20 -20 -20 -20 -20 -20 -20 -20 -20 -20 -20 -20 -20 -20 -20 -20 -20 -20 -20 -20 -20 -20 -20 -20 -20 -20 -20 -20 -20 -20 -20 -20 -20 -20 -20 -20 -20 -20 -20 -20 -20 -20 -20 -20 -20 -20 -20 -20 -20 -20 -20 -20 -20 -20 -20 -20 -20 -20 -20 -20 -20 -20 -20 -20 -20 -20 -20 -20 -20 -20 -20 -20 -20 -20 -20 -20 -20 -20 -20 -20 -20 -20 -20 -20 -20 -20 -20 -20 -20 -20 -20 -20 -20 -20 -20 -20 -20 -20 -20 -20 -20 -20 -20 -20 -20 -20 -20 -20 -20 -20
